6706 10635 14081 13629 6121 11339 7309 6107 14642 5279 14692 2900 1540 11888 14946 11582 13688 5268 9629 4421
3040 13142 3517 10211 4698 1547 13990 6911 11810 7045 8061 11963 11455 13603 2994 14578 4033 10073 14707 4140
10636 11453 12138 10042 3049 15259 7769 1674 9690 9546 10760 6347 7664 13526 959 7874 2142 6000 4092 11123
5722 8117 5303 15222 137 14500 7981 13578 5234 9812 5180 8408 10128 6505 3367 12170 6589 6726 15452 14820
10191 10769 15704 1777 2288 6285 8315 5032 1457 4193 14545 5476 8439 4720 4325 3757 5000 9524 8532 11975
9060 12560 12059 7710 7855 9326 2467 7694 35 12199 10736 13319 15137 2811 10236 5521 13847 6573 10060 6499
10370 14018 15125 8794 14345 13234 15722 9752 4423 5738 7397 5265 12302 12956 14317 6153 8746 10923 858 3755
2094 14484 15227 14782 2108 6273 5883 15685 8876 8440 5577 1959 11935 1263 3914 15544 1126 11879 9921 4139
9365 3626 11522 4779 9290 644 9968 1911 5601 12376 6439 14310 11008 9032 10103 10212 3152 10945 2474 9164
7857 9854 10087 10768 9258 3340 15656 10036 12126 13274 8829 10173 12610 9324 309 9475 1573 10046 5497 2465
7296 13420 14213 1737 5210 9913 11924 13455 14752 12378 423 2185 12147 10155 5216 1817 9051 10241 2093 2456
4054 461 963 15225 15265 7961 2582 7325 2583 8922 13827 10056 14320 6328 15237 12828 12022 14957 14499 15141
5720 3599 3748 11014 9512 5191 13413 10324 2200 11373 8602 93 2321 6762 7098 4655 11844 11114 15474 6605
5244 1000 3943 1680 15214 2558 550 8573 4269 5478 6560 7821 2957 11140 792 3964 10726 14111 2368 5207
3652 8586 11821 3188 14661 6700 14659 1438 12272 14459 2067 295 3190 13347 8938 6520 4460 12317 15041 9791
1855 4630 4629 48 14914 9701 10896 6594 230 15292 11359 6982 3467 14246 12107 11857 5858 11349 13361 3335
10942 11701 12434 6903 13564 7832 1630 14164 8996 6705 3635 3806 6816 13533 8125 5436 367 12905 7589 1943
3157 15091 12742 5450 8405 13198 4600 6952 2336 5636 7201 13186 4143 3392 5477 7719 2950 1977 11886 2519
13471 6546 563 6598 8476 280 10287 7707 1849 10349 9633 7167 5969 12065 6691 8818 6807 7799 2009 14261
6221 7648 1510 11612 9849 1524 4131 2777 43 3125 15673 10895 14868 11771 1253 15376 3572 7624 12409 8377
5997 8511 14390 8379 9326 678 14906 7989 7428 3207 10483 3030 4600 13521 1857 12789 5408 11300 5523 5041
7400 10959 2727 6098 573 2353 6375 220 13430 10207 5836 3455 8896 15171 11203 7814 10436 11070 7360 13286
3035 7944 13681 7951 13089 4703 15073 2453 13077 7888 10328 3515 5035 15297 14657 10877 5806 10240 3841 12235
11662 10194 9606 6981 12166 7778 14525 15162 1461 3829 8956 10710 10016 6282 4907 1646 10149 10721 9405 115
10308 11851 11489 5277 8913 10242 11121 6827 5747 2307 1170 8396 12604 12906 9373 8330 13184 13632 2326 10235
9684 12951 5098 3387 11332 14191 12863 9358 2805 9481 12627 8711 9988 3811 7373 3332 12626 15243 4499 8835
9489 9490 11367 11550 10165 12968 13508 5779 14701 10637 8114 14702 9964 9643 12082 10941 9405 12297 15677 791
1600 9486 11993 8454 4500 2772 3093 7443 14059 4307 15592 6291 14335 12047 7358 8594 13972 7618 5017 4506
14785 6311 8742 1356 5825 12066 1374 6718 2723 8679 11603 8617 4614 6428 14562 3001 9287 6303 4817 7016
3733 10467 4906 631 13816 7893 15210 149 3134 9786 12293 2634 13910 4909 6224 15639 1329 13324 5409 5792
